nelem			3
range			4 8 3.0 4.2 5.2 6.0 6.5 7.2 7.7 8.2 1 3.5 
defects			1 0

#frequencies		1.36e14 9e16 1.50e14
#frequencies		1.66e13 1.81e13 0.80e13
frequencies		0.422e13 0.461e13 0.203e13

ntab    340														
tab_bar	1	0	0	1	-1	-1	-1	-1	-1	-1	0.59486	0	1	4.2E+12
tab_bar	2	1	0	1	-1	1	-1	-1	2	-1	0.321692	0.24738	1	4.2E+12
tab_bar	3	1	0	1	-1	1	-1	-1	4	-1	0.520347	0.24738	1	4.2E+12
tab_bar	4	1	0	1	-1	1	-1	-1	1	-1	0.663916	0.24738	1	4.2E+12
tab_bar	5	1	0	1	-1	1	-1	-1	3	-1	0.554696	0.24738	1	4.2E+12
tab_bar	6	1	0	1	-1	1	-1	-1	1	-1	0.969167	0.24738	2	4.6E+12
tab_bar	7	1	0	1	-1	2	-1	-1	3	-1	0.685029	-0.03463	1	4.2E+12
tab_bar	8	1	0	1	-1	2	-1	-1	1	-1	0.600679	-0.03463	1	4.2E+12
tab_bar	9	1	0	1	-1	2	-1	-1	5	-1	0.585524	-0.03463	1	4.2E+12
tab_bar	10	1	0	1	-1	3	-1	-1	2	-1	0.56187	0.08716	1	4.2E+12
tab_bar	11	1	0	1	-1	3	-1	-1	4	-1	0.543204	0.08716	1	4.2E+12
tab_bar	12	1	0	1	-1	3	-1	-1	6	-1	0.597885	0.08716	1	4.2E+12
tab_bar	13	1	0	1	-1	3	-1	-1	1	-1	0.715197	0.08716	1	4.2E+12
tab_bar	14	1	0	1	-1	3	-1	-1	5	-1	0.57212	0.08716	1	4.2E+12
tab_bar	15	1	0	1	-1	3	-1	-1	3	-1	0.616378	0.08716	1	4.2E+12
tab_bar	16	1	0	1	-1	3	-1	-1	7	-1	0.602074	0.08716	1	4.2E+12
tab_bar	17	1	0	1	-1	4	-1	-1	3	-1	0.638282	-0.00785	1	4.2E+12
tab_bar	18	1	0	1	-1	4	-1	-1	7	-1	0.606232	-0.00785	1	4.2E+12
tab_bar	19	1	0	1	-1	4	-1	-1	1	-1	0.776107	-0.00785	1	4.2E+12
tab_bar	20	1	0	1	-1	4	-1	-1	5	-1	0.656115	-0.00785	1	4.2E+12
tab_bar	21	1	0	1	-1	5	-1	-1	2	-1	0.485185	0.06571	1	4.2E+12
tab_bar	22	1	0	1	-1	6	-1	-1	3	-1	0.61862	0.06642	1	4.2E+12
tab_bar	23	1	0	1	-1	5	-1	-1	3	-1	0.593563	0.06571	1	4.2E+12
tab_bar	24	1	0	1	-1	7	-1	-1	3	-1	0.649268	0.03996	1	4.2E+12
tab_bar	25	1	0	1	-1	7	-1	-1	4	-1	0.558419	0.03996	1	4.2E+12
tab_bar	26	1	0	1	-1	5	-1	-1	4	-1	0.582552	0.06571	1	4.2E+12
tab_bar	27	0	1	1	-1	-1	1	-1	-1	2	0.675788	-0.20098	1	3.9E+12
tab_bar	28	0	1	1	-1	-1	1	-1	-1	4	0.604082	-0.20098	1	3.9E+12
tab_bar	29	0	1	1	-1	-1	1	-1	-1	1	0.814989	-0.20098	1	4.1E+12
tab_bar	30	0	1	1	-1	-1	1	-1	-1	3	0.612789	-0.20098	1	3.9E+12
tab_bar	31	0	1	1	-1	-1	1	-1	-1	1	0.319571	-0.20098	3	2E+12
tab_bar	32	0	1	1	-1	-1	2	-1	-1	3	0.61624	0.06066	1	4.2E+12
tab_bar	33	0	1	1	-1	-1	2	-1	-1	1	0.414422	0.06066	1	4.3E+12
tab_bar	34	0	1	1	-1	-1	2	-1	-1	5	0.58878	0.06066	1	4.2E+12
tab_bar	35	0	1	1	-1	-1	3	-1	-1	2	0.652537	0.02435	1	4.2E+12
tab_bar	36	0	1	1	-1	-1	3	-1	-1	4	0.6556	0.02435	1	4.2E+12
tab_bar	37	0	1	1	-1	-1	3	-1	-1	6	0.603933	0.02435	1	4.2E+12
tab_bar	38	0	1	1	-1	-1	3	-1	-1	1	0.386558	0.02435	1	4.3E+12
tab_bar	39	0	1	1	-1	-1	3	-1	-1	5	0.58645	0.02435	1	4.2E+12
tab_bar	40	0	1	1	-1	-1	3	-1	-1	3	0.584618	0.02435	1	4.2E+12
tab_bar	41	0	1	1	-1	-1	3	-1	-1	7	0.591691	0.02435	1	4.2E+12
tab_bar	42	0	1	1	-1	-1	4	-1	-1	3	0.645909	0.03324	1	4.2E+12
tab_bar	43	0	1	1	-1	-1	4	-1	-1	7	0.599072	0.03324	1	4.2E+12
tab_bar	44	0	1	1	-1	-1	4	-1	-1	1	0.370317	0.03324	1	4.3e12
tab_bar	45	0	1	1	-1	-1	4	-1	-1	5	0.577653	0.03324	1	4.2E+12
tab_bar	46	0	1	1	-1	-1	5	-1	-1	2	0.59427	0.05517	1	4.2E+12
tab_bar	47	0	1	1	-1	-1	6	-1	-1	3	0.578258	0.05003	1	4.2E+12
tab_bar	48	0	1	1	-1	-1	5	-1	-1	3	0.555635	0.05517	1	4.2E+12
tab_bar	49	0	1	1	-1	-1	7	-1	-1	3	0.567378	0.04867	1	4.2E+12
tab_bar	50	0	1	1	-1	-1	7	-1	-1	4	0.583646	0.04867	1	4.2E+12
tab_bar	51	0	1	1	-1	-1	5	-1	-1	4	0.555725	0.05517	1	4.2E+12
tab_bar	52	1	1	1	2	1	1	2	2	4	0.321645	-0.10853	1	4.2E+12
tab_bar	53	1	1	1	2	1	1	2	4	2	0.613654	-0.10853	1	4.2E+12
tab_bar	54	1	1	1	2	1	1	2	1	1	0.97628	-0.10853	1	4.2E+12
tab_bar	55	1	1	1	2	1	1	2	3	3	0.56763	-0.10853	1	4.2E+12
tab_bar	56	1	1	1	2	1	1	2	1	3	0.732069	-0.10853	1	4.2E+12
tab_bar	57	1	1	1	2	1	1	2	3	1	0.797846	-0.10853	1	4.2E+12
tab_bar	58	1	1	1	2	1	1	1	1	2	1.157066	-0.10853	2	4.2E+12
tab_bar	59	1	1	1	2	1	1	1	2	1	0.127091	-0.10853	3	4.2E+12
tab_bar	60	1	1	1	4	1	1	4	2	2	0.381426	0.00164	1	4.2E+12
tab_bar	61	1	1	1	4	1	1	4	1	3	0.666706	0.00164	1	4.2E+12
tab_bar	62	1	1	1	4	1	1	4	3	1	0.694839	0.00164	1	4.2E+12
tab_bar	63	1	1	1	4	1	1	1	1	4	1.028083	0.00164	2	4.2E+12
tab_bar	64	1	1	1	4	1	1	1	4	1	0.258904	0.00164	3	4.2E+12
tab_bar	65	1	1	1	1	1	1	1	2	1	0.539682	0.00341	1	4.2E+12
tab_bar	66	1	1	1	1	1	1	1	2	3	0.343621	0.00341	1	4.2E+12
tab_bar	67	1	1	1	1	1	1	1	4	3	0.559017	0.00341	1	4.2E+12
tab_bar	68	1	1	1	1	1	1	1	1	2	0.662079	0.00341	1	4.2E+12
tab_bar	69	1	1	1	1	1	1	1	3	2	0.624782	0.00341	1	4.2E+12
tab_bar	70	1	1	1	1	1	1	1	3	4	0.537285	0.00341	1	4.2E+12
tab_bar	71	1	1	1	1	1	1	1	1	1	0.805149	0.00341	1	4.2E+12
tab_bar	72	1	1	1	1	1	1	1	1	3	0.640748	0.00341	1	4.2E+12
tab_bar	73	1	1	1	1	1	1	1	3	1	0.74776	0.00341	1	4.2E+12
tab_bar	74	1	1	1	1	1	1	1	3	3	0.548204	0.00341	1	4.2E+12
tab_bar	75	1	1	1	3	1	1	3	2	3	0.323768	0.00808	1	4.2E+12
tab_bar	76	1	1	1	3	1	1	3	2	1	0.507831	0.00808	1	4.2E+12
tab_bar	77	1	1	1	3	1	1	3	4	1	0.72939	0.00808	1	4.2E+12
tab_bar	78	1	1	1	3	1	1	3	1	2	0.694425	0.00808	1	4.2E+12
tab_bar	79	1	1	1	3	1	1	3	1	4	0.637286	0.00808	1	4.2E+12
tab_bar	80	1	1	1	3	1	1	3	3	2	0.575228	0.00808	1	4.2E+12
tab_bar	81	1	1	1	3	1	1	3	1	1	0.921352	0.00808	1	4.2E+12
tab_bar	82	1	1	1	3	1	1	3	1	3	0.641825	0.00808	1	4.2E+12
tab_bar	83	1	1	1	3	1	1	3	3	1	0.753792	0.00808	1	4.2E+12
tab_bar	84	1	1	1	3	1	1	3	3	3	0.550285	0.00808	1	4.2E+12
tab_bar	85	1	1	1	3	1	1	1	1	3	0.975447	0.00808	2	4.2E+12
tab_bar	86	1	1	1	3	1	1	1	3	1	0.204648	0.00808	3	4.2E+12
tab_bar	87	1	1	1	8	2	2	8	3	3	0.695535	-0.00425	1	4.2E+12
tab_bar	88	1	1	1	8	2	2	8	1	5	0.581926	-0.00425	1	4.2E+12
tab_bar	89	1	1	1	8	2	2	8	5	1	0.386175	-0.00425	1	4.2E+12
tab_bar	90	1	1	1	4	2	2	4	3	1	0.475514	0.01987	1	4.2E+12
tab_bar	91	1	1	1	4	2	2	4	3	5	0.659015	0.01987	1	4.2E+12
tab_bar	92	1	1	1	4	2	2	4	1	3	0.613843	0.01987	1	4.2E+12
tab_bar	93	1	1	1	4	2	2	4	5	3	0.594918	0.01987	1	4.2E+12
tab_bar	94	1	1	1	4	2	2	4	1	1	0.360666	0.01987	1	4.2E+12
tab_bar	95	1	1	1	4	2	2	4	5	1	0.374602	0.01987	1	4.2E+12
tab_bar	96	1	1	1	4	2	2	4	1	5	0.583547	0.01987	1	4.2E+12
tab_bar	97	1	1	1	4	2	2	4	5	5	0.56722	0.01987	1	4.2E+12
tab_bar	98	1	1	1	3	1	2	3	2	3	0.326144	0.26926	1	4.2E+12
tab_bar	99	1	1	1	3	1	2	3	4	3	0.542752	0.26926	1	4.2E+12
tab_bar	100	1	1	1	3	1	2	3	1	1	0.433221	0.26926	1	4.2E+12
tab_bar	101	1	1	1	3	1	2	3	1	5	0.609873	0.26926	1	4.2E+12
tab_bar	102	1	1	1	3	1	2	3	3	1	0.347148	0.26926	1	4.2E+12
tab_bar	103	1	1	1	3	1	2	3	3	5	0.526757	0.26926	1	4.2E+12
tab_bar	104	1	1	1	3	1	2	2	1	3	0.985063	0.26926	2	4.2E+12
tab_bar	105	1	1	1	1	1	2	1	2	5	0.307205	0.22279	1	4.2E+12
tab_bar	106	1	1	1	1	1	2	1	2	1	0.128235	0.22279	1	4.2E+12
tab_bar	107	1	1	1	1	1	2	1	4	5	0.50876	0.22279	1	4.2E+12
tab_bar	108	1	1	1	1	1	2	1	1	3	0.666216	0.22279	1	4.2E+12
tab_bar	109	1	1	1	1	1	2	1	3	3	0.548517	0.22279	1	4.2E+12
tab_bar	110	1	1	1	1	1	2	1	1	1	0.443706	0.22279	1	4.2E+12
tab_bar	111	1	1	1	1	1	2	1	3	5	0.531499	0.22279	1	4.2E+12
tab_bar	112	1	1	1	1	1	2	2	1	1	0.828093	0.22279	2	4.2E+12
tab_bar	113	1	1	1	5	1	2	5	2	1	0.150568	0.24326	1	4.2E+12
tab_bar	114	1	1	1	5	1	2	5	2	5	0.302896	0.24326	1	4.2E+12
tab_bar	115	1	1	1	5	1	2	5	4	1	0.32112	0.24326	1	4.2E+12
tab_bar	116	1	1	1	5	1	2	5	1	3	0.697773	0.24326	1	4.2E+12
tab_bar	117	1	1	1	5	1	2	5	3	3	0.552803	0.24326	1	4.2E+12
tab_bar	118	1	1	1	5	1	2	5	1	5	0.659706	0.24326	1	4.2E+12
tab_bar	119	1	1	1	5	1	2	5	3	1	0.346862	0.24326	1	4.2E+12
tab_bar	120	1	1	1	5	1	2	2	1	5	0.97193	0.24326	2	4.2E+12
tab_bar	121	1	1	1	3	2	1	3	3	2	0.730512	-0.28847	1	4.2E+12
tab_bar	122	1	1	1	3	2	1	3	3	4	0.679072	-0.28847	1	4.2E+12
tab_bar	123	1	1	1	3	2	1	3	1	1	0.801366	-0.28847	1	4.2E+12
tab_bar	124	1	1	1	3	2	1	3	5	1	0.781241	-0.28847	1	4.2E+12
tab_bar	125	1	1	1	3	2	1	3	1	3	0.582424	-0.28847	1	4.2E+12
tab_bar	126	1	1	1	3	2	1	3	5	3	0.586962	-0.28847	1	4.2E+12
tab_bar	127	1	1	1	3	2	1	2	3	1	0.371785	-0.28847	3	4.2E+12
tab_bar	128	1	1	1	1	2	1	1	5	2	0.658832	-0.30592	1	4.2E+12
tab_bar	129	1	1	1	1	2	1	1	1	2	0.654395	-0.30592	1	4.2E+12
tab_bar	130	1	1	1	1	2	1	1	5	4	0.581325	-0.30592	1	4.2E+12
tab_bar	131	1	1	1	1	2	1	1	3	1	0.842627	-0.30592	1	4.2E+12
tab_bar	132	1	1	1	1	2	1	1	3	3	0.686835	-0.30592	1	4.2E+12
tab_bar	133	1	1	1	1	2	1	1	1	1	0.847167	-0.30592	1	4.2E+12
tab_bar	134	1	1	1	1	2	1	1	5	3	0.602354	-0.30592	1	4.2E+12
tab_bar	135	1	1	1	1	2	1	2	1	1	0.32304	-0.30592	3	4.2E+12
tab_bar	136	1	1	1	5	2	1	5	1	2	0.670658	-0.27942	1	4.2E+12
tab_bar	137	1	1	1	5	2	1	5	5	2	0.647412	-0.27942	1	4.2E+12
tab_bar	138	1	1	1	5	2	1	5	1	4	0.600263	-0.27942	1	4.2E+12
tab_bar	139	1	1	1	5	2	1	5	3	1	0.899428	-0.27942	1	4.2E+12
tab_bar	140	1	1	1	5	2	1	5	3	3	0.689944	-0.27942	1	4.2E+12
tab_bar	141	1	1	1	5	2	1	5	5	1	0.803333	-0.27942	1	4.2E+12
tab_bar	142	1	1	1	5	2	1	5	1	3	0.615988	-0.27942	1	4.2E+12
tab_bar	143	1	1	1	5	2	1	2	5	1	0.284177	-0.27942	3	4.2E+12
tab_bar	144	1	1	1	1	1	4	1	2	5	0.31664	0.18129	1	4.2E+12
tab_bar	145	1	1	1	1	1	4	1	1	3	0.677826	0.18129	1	4.2E+12
tab_bar	146	1	1	1	1	1	4	1	3	7	0.546501	0.18129	1	4.2E+12
tab_bar	147	1	1	1	1	1	4	4	1	1	0.848251	0.18129	2	4.2E+12
tab_bar	148	1	1	1	1	1	3	1	2	3	0.312928	0.19477	1	4.2E+12
tab_bar	149	1	1	1	1	1	3	1	2	5	0.30051	0.19477	1	4.2E+12
tab_bar	150	1	1	1	1	1	3	1	4	7	0.510762	0.19477	1	4.2E+12
tab_bar	151	1	1	1	1	1	3	1	1	2	0.698481	0.19477	1	4.2E+12
tab_bar	152	1	1	1	1	1	3	1	1	4	0.66447	0.19477	1	4.2E+12
tab_bar	153	1	1	1	1	1	3	1	3	4	0.605801	0.19477	1	4.2E+12
tab_bar	154	1	1	1	1	1	3	1	3	6	0.544138	0.19477	1	4.2E+12
tab_bar	155	1	1	1	1	1	3	1	1	1	0.450909	0.19477	1	4.2E+12
tab_bar	156	1	1	1	1	1	3	1	1	3	0.599607	0.19477	1	4.2E+12
tab_bar	157	1	1	1	1	1	3	1	3	5	0.532093	0.19477	1	4.2E+12
tab_bar	158	1	1	1	1	1	3	1	3	7	0.529279	0.19477	1	4.2E+12
tab_bar	159	1	1	1	1	1	3	3	1	1	0.789125	0.19477	2	4.2E+12
tab_bar	160	1	1	1	2	2	8	2	1	5	0.596309	-0.05111	1	4.2E+12
tab_bar	161	1	1	1	2	2	8	2	5	5	0.577299	-0.05111	1	4.2E+12
tab_bar	162	1	1	1	2	2	4	2	3	3	0.717624	-0.06611	1	4.2E+12
tab_bar	163	1	1	1	2	2	4	2	3	7	0.672787	-0.06611	1	4.2E+12
tab_bar	164	1	1	1	2	2	4	2	1	3	0.659378	-0.06611	1	4.2E+12
tab_bar	165	1	1	1	2	2	4	2	5	7	0.582996	-0.06611	1	4.2E+12
tab_bar	166	1	1	1	2	2	4	2	1	1	0.278729	-0.06611	1	4.2E+12
tab_bar	167	1	1	1	2	2	4	2	5	5	0.551479	-0.06611	1	4.2E+12
tab_bar	168	1	1	1	2	2	4	2	1	5	0.592664	-0.06611	1	4.2E+12
tab_bar	169	1	1	1	2	1	3	2	2	4	0.355259	0.23796	1	4.2E+12
tab_bar	170	1	1	1	2	1	3	2	4	6	0.529452	0.23796	1	4.2E+12
tab_bar	171	1	1	1	2	1	3	2	1	1	0.38918	0.23796	1	4.2E+12
tab_bar	172	1	1	1	2	1	3	2	1	5	0.605175	0.23796	1	4.2E+12
tab_bar	173	1	1	1	2	1	3	2	3	3	0.517357	0.23796	1	4.2E+12
tab_bar	174	1	1	1	2	1	3	2	3	7	0.529138	0.23796	1	4.2E+12
tab_bar	175	1	1	1	2	1	3	3	1	2	1.01637	0.23796	2	4.2E+12
tab_bar	176	1	1	1	2	1	5	2	2	8	0.312117	0.23315	1	4.2E+12
tab_bar	177	1	1	1	2	1	5	2	2	4	0.293817	0.23315	1	4.2E+12
tab_bar	178	1	1	1	2	1	5	2	1	3	0.609983	0.23315	1	4.2E+12
tab_bar	179	1	1	1	2	1	5	2	1	5	0.638858	0.23315	1	4.2E+12
tab_bar	180	1	1	1	2	1	5	2	3	7	0.553013	0.23315	1	4.2E+12
tab_bar	181	1	1	1	2	1	5	5	1	2	0.982029	0.23315	2	4.2E+12
tab_bar	182	1	1	1	1	2	3	1	3	2	0.719834	-0.09681	1	4.2E+12
tab_bar	183	1	1	1	1	2	3	1	3	4	0.724592	-0.09681	1	4.2E+12
tab_bar	184	1	1	1	1	2	3	1	3	6	0.678478	-0.09681	1	4.2E+12
tab_bar	185	1	1	1	1	2	3	1	1	1	0.441338	-0.09681	1	4.2E+12
tab_bar	186	1	1	1	1	2	3	1	5	5	0.567058	-0.09681	1	4.2E+12
tab_bar	187	1	1	1	1	2	3	1	1	3	0.604358	-0.09681	1	4.2E+12
tab_bar	188	1	1	1	1	2	3	1	5	7	0.576248	-0.09681	1	4.2E+12
tab_bar	189	1	1	1	1	2	5	1	5	8	0.583455	-0.08032	1	4.2E+12
tab_bar	190	1	1	1	1	2	5	1	1	2	0.607317	-0.08032	1	4.2E+12
tab_bar	191	1	1	1	1	2	5	1	1	4	0.578071	-0.08032	1	4.2E+12
tab_bar	192	1	1	1	1	2	5	1	3	5	0.678206	-0.08032	1	4.2E+12
tab_bar	193	1	1	1	1	2	5	1	3	7	0.692432	-0.08032	1	4.2E+12
tab_bar	194	1	1	1	1	2	5	1	1	3	0.575595	-0.08032	1	4.2E+12
tab_bar	195	1	1	1	1	4	1	1	5	2	0.728136	-0.34489	1	4.2E+12
tab_bar	196	1	1	1	1	4	1	1	3	1	0.879196	-0.34489	1	4.2E+12
tab_bar	197	1	1	1	1	4	1	1	7	3	0.620266	-0.34489	1	4.2E+12
tab_bar	198	1	1	1	1	4	1	4	1	1	0.605681	-0.34489	3	4.2E+12
tab_bar	199	1	1	1	1	3	1	1	3	2	0.669737	-0.21962	1	4.2E+12
tab_bar	200	1	1	1	1	3	1	1	5	2	0.651438	-0.21962	1	4.2E+12
tab_bar	201	1	1	1	1	3	1	1	7	4	0.601701	-0.21962	1	4.2E+12
tab_bar	202	1	1	1	1	3	1	1	2	1	0.757296	-0.21962	1	4.2E+12
tab_bar	203	1	1	1	1	3	1	1	4	3	0.542161	-0.21962	1	4.2E+12
tab_bar	204	1	1	1	1	3	1	1	4	1	0.753925	-0.21962	1	4.2E+12
tab_bar	205	1	1	1	1	3	1	1	6	3	0.608597	-0.21962	1	4.2E+12
tab_bar	206	1	1	1	1	3	1	1	1	1	0.970393	-0.21962	1	4.2E+12
tab_bar	207	1	1	1	1	3	1	1	3	1	0.828899	-0.21962	1	4.2E+12
tab_bar	208	1	1	1	1	3	1	1	5	3	0.58557	-0.21962	1	4.2E+12
tab_bar	209	1	1	1	1	3	1	1	7	3	0.605913	-0.21962	1	4.2E+12
tab_bar	210	1	1	1	1	3	1	3	1	1	0.43223	-0.21962	3	4.2E+12
tab_bar	211	1	1	1	2	8	2	2	5	5	0.567167	0.02488	1	4.2E+12
tab_bar	212	1	1	1	2	8	2	2	5	1	0.385363	0.02488	1	4.2E+12
tab_bar	213	1	1	1	2	4	2	2	3	1	0.420432	-0.01149	1	4.2E+12
tab_bar	214	1	1	1	2	4	2	2	7	5	0.588026	-0.01149	1	4.2E+12
tab_bar	215	1	1	1	2	4	2	2	3	3	0.654912	-0.01149	1	4.2E+12
tab_bar	216	1	1	1	2	4	2	2	7	3	0.622218	-0.01149	1	4.2E+12
tab_bar	217	1	1	1	2	4	2	2	1	1	0.514791	-0.01149	1	4.2E+12
tab_bar	218	1	1	1	2	4	2	2	5	1	0.438711	-0.01149	1	4.2E+12
tab_bar	219	1	1	1	2	4	2	2	5	5	0.636796	-0.01149	1	4.2E+12
tab_bar	220	1	1	1	1	3	2	1	2	3	0.572763	0.05327	1	4.2E+12
tab_bar	221	1	1	1	1	3	2	1	4	3	0.55845	0.05327	1	4.2E+12
tab_bar	222	1	1	1	1	3	2	1	6	3	0.607918	0.05327	1	4.2E+12
tab_bar	223	1	1	1	1	3	2	1	1	1	0.574277	0.05327	1	4.2E+12
tab_bar	224	1	1	1	1	3	2	1	5	5	0.559704	0.05327	1	4.2E+12
tab_bar	225	1	1	1	1	3	2	1	3	1	0.396489	0.05327	1	4.2E+12
tab_bar	226	1	1	1	1	3	2	1	7	5	0.581256	0.05327	1	4.2E+12
tab_bar	227	1	1	1	1	5	2	1	8	5	0.542253	0.02879	1	4.2E+12
tab_bar	228	1	1	1	1	5	2	1	2	1	0.322539	0.02879	1	4.2E+12
tab_bar	229	1	1	1	1	5	2	1	4	1	0.354452	0.02879	1	4.2E+12
tab_bar	230	1	1	1	1	5	2	1	5	3	0.639179	0.02879	1	4.2E+12
tab_bar	231	1	1	1	1	5	2	1	7	3	0.591756	0.02879	1	4.2E+12
tab_bar	232	1	1	1	1	5	2	1	3	1	0.402798	0.02879	1	4.2E+12
tab_bar	233	1	1	1	2	3	1	2	4	2	0.610883	-0.19623	1	4.2E+12
tab_bar	234	1	1	1	2	3	1	2	6	4	0.590356	-0.19623	1	4.2E+12
tab_bar	235	1	1	1	2	3	1	2	1	1	0.884909	-0.19623	1	4.2E+12
tab_bar	236	1	1	1	2	3	1	2	5	1	0.812393	-0.19623	1	4.2E+12
tab_bar	237	1	1	1	2	3	1	2	3	3	0.631465	-0.19623	1	4.2E+12
tab_bar	238	1	1	1	2	3	1	2	7	3	0.608019	-0.19623	1	4.2E+12
tab_bar	239	1	1	1	2	3	1	3	2	1	0.279545	-0.19623	3	4.2E+12
tab_bar	240	1	1	1	2	5	1	2	8	2	0.628134	-0.21785	1	4.2E+12
tab_bar	241	1	1	1	2	5	1	2	4	2	0.645721	-0.21785	1	4.2E+12
tab_bar	242	1	1	1	2	5	1	2	3	1	0.834358	-0.21785	1	4.2E+12
tab_bar	243	1	1	1	2	5	1	2	5	1	0.838108	-0.21785	1	4.2E+12
tab_bar	244	1	1	1	2	5	1	2	7	3	0.58633	-0.21785	1	4.2E+12
tab_bar	245	1	1	1	2	5	1	5	2	1	0.22261	-0.21785	3	4.2E+12
tab_bar	246	1	1	1	2	3	3	2	1	1	0.411468	0.04764	1	4.2E+12
tab_bar	247	1	1	1	4	1	3	4	1	1	0.381939	0.28641	1	4.2E+12
tab_bar	248	1	1	1	4	3	1	4	1	1	0.818461	-0.12198	1	4.2E+12
tab_bar	249	1	1	1	1	4	3	1	1	1	0.634199	-0.07177	1	4.2E+12
tab_bar	250	1	1	1	1	3	4	1	1	1	0.502878	0.03782	1	4.2E+12
tab_bar	251	1	1	1	1	3	3	1	1	1	0.525763	0.02586	1	4.2E+12
tab_bar	252	1	1	1	3	2	3	3	1	1	0.401492	-0.06964	1	4.2E+12
tab_bar	253	1	1	1	3	4	1	3	1	1	1.002905	-0.26543	1	4.2E+12
tab_bar	254	1	1	1	3	1	4	3	1	1	0.410742	0.23463	1	4.2E+12
tab_bar	255	1	1	1	3	3	2	3	1	1	0.504051	0.07926	1	4.2E+12
tab_bar	256	1	1	1	3	1	3	3	1	1	0.466253	0.18366	1	4.2E+12
tab_bar	257	1	1	1	3	3	1	3	1	1	0.930563	-0.16869	1	4.2E+12
tab_bar	258	1	1	1	3	3	3	3	1	1	0.51466	0.04371	1	4.2E+12
tab_bar	259	1	1	1	8	3	3	8	2	2	0.599906	0.09138	1	4.2E+12
tab_bar	260	1	1	1	8	1	5	8	2	2	0.308586	0.26909	1	4.2E+12
tab_bar	261	1	1	1	8	5	1	8	2	2	0.554534	-0.1726	1	4.2E+12
tab_bar	262	1	1	1	4	3	1	4	2	2	0.617365	-0.12198	1	4.2E+12
tab_bar	263	1	1	1	4	3	5	4	2	2	0.559945	0.11894	1	4.2E+12
tab_bar	264	1	1	1	4	1	3	4	2	2	0.347306	0.28641	1	4.2E+12
tab_bar	265	1	1	1	4	5	3	4	2	2	0.54269	0.0721	1	4.2E+12
tab_bar	266	1	1	1	4	5	1	4	2	2	0.54825	-0.15377	1	4.2E+12
tab_bar	267	1	1	1	4	1	5	4	2	2	0.325139	0.27828	1	4.2E+12
tab_bar	268	1	1	1	4	5	5	4	2	2	0.495315	0.09178	1	4.2E+12
tab_bar	269	1	1	1	3	2	3	3	1	2	0.66505	-0.06964	1	4.2E+12
tab_bar	270	1	1	1	3	4	3	3	1	2	0.863904	-0.05189	1	4.2E+12
tab_bar	271	1	1	1	3	1	5	3	1	2	0.645494	0.23364	1	4.2E+12
tab_bar	272	1	1	1	3	3	1	3	1	2	0.7851	-0.16869	1	4.2E+12
tab_bar	273	1	1	1	3	3	5	3	1	2	0.728112	0.06791	1	4.2E+12
tab_bar	274	1	1	1	1	4	5	1	1	2	0.777752	-0.0462	1	4.2E+12
tab_bar	275	1	1	1	1	3	3	1	1	2	0.745454	0.02586	1	4.2E+12
tab_bar	276	1	1	1	1	3	5	1	1	2	0.706318	0.04797	1	4.2E+12
tab_bar	277	1	1	1	5	2	5	5	1	2	0.574288	-0.02814	1	4.2E+12
tab_bar	278	1	1	1	5	4	1	5	1	2	0.808892	-0.24452	1	4.2E+12
tab_bar	279	1	1	1	5	1	3	5	1	2	0.734794	0.20623	1	4.2E+12
tab_bar	280	1	1	1	5	3	3	5	1	2	0.729687	0.06637	1	4.2E+12
tab_bar	281	1	1	1	5	1	5	5	1	2	0.646791	0.25617	1	4.2E+12
tab_bar	282	1	1	1	5	3	1	5	1	2	0.743304	-0.15319	1	4.2E+12
tab_bar	283	1	1	1	3	3	2	3	2	1	0.362785	0.07926	1	4.2E+12
tab_bar	284	1	1	1	3	3	4	3	2	1	0.340522	0.05008	1	4.2E+12
tab_bar	285	1	1	1	3	5	1	3	2	1	0.697678	-0.2049	1	4.2E+12
tab_bar	286	1	1	1	3	1	3	3	2	1	0.110302	0.18366	1	4.2E+12
tab_bar	287	1	1	1	3	5	3	3	2	1	0.282129	0.01637	1	4.2E+12
tab_bar	288	1	1	1	1	5	4	1	2	1	0.274382	0.00102	1	4.2E+12
tab_bar	289	1	1	1	1	3	3	1	2	1	0.35506	0.02586	1	4.2E+12
tab_bar	290	1	1	1	1	5	3	1	2	1	0.301196	-0.00476	1	4.2E+12
tab_bar	291	1	1	1	5	5	2	5	2	1	0.287417	0.08058	1	4.2E+12
tab_bar	292	1	1	1	5	1	4	5	2	1	0.123662	0.19718	1	4.2E+12
tab_bar	293	1	1	1	5	3	1	5	2	1	0.773196	-0.15319	1	4.2E+12
tab_bar	294	1	1	1	5	3	3	5	2	1	0.344155	0.06637	1	4.2E+12
tab_bar	295	1	1	1	5	5	1	5	2	1	0.705751	-0.18184	1	4.2E+12
tab_bar	296	1	1	1	5	1	3	5	2	1	0.130336	0.20623	1	4.2E+12
tab_bar	297	1	1	1	1	3	7	1	1	4	0.688961	0.03883	1	4.2E+12
tab_bar	298	1	1	1	1	4	7	1	1	3	0.759377	-0.05385	1	4.2E+12
tab_bar	299	1	1	1	1	3	4	1	1	3	0.762748	0.03782	1	4.2E+12
tab_bar	300	1	1	1	1	3	6	1	1	3	0.698731	0.04018	1	4.2E+12
tab_bar	301	1	1	1	1	3	5	1	1	3	0.678888	0.04797	1	4.2E+12
tab_bar	302	1	1	1	1	3	7	1	1	3	0.685216	0.03883	1	4.2E+12
tab_bar	303	1	1	1	2	5	5	2	2	8	0.485477	0.04072	1	4.2E+12
tab_bar	304	1	1	1	2	3	3	2	2	4	0.603875	0.04764	1	4.2E+12
tab_bar	305	1	1	1	2	3	7	2	2	4	0.543033	0.06364	1	4.2E+12
tab_bar	306	1	1	1	2	5	7	2	2	4	0.479102	0.03778	1	4.2E+12
tab_bar	307	1	1	1	2	5	5	2	2	4	0.444651	0.04072	1	4.2E+12
tab_bar	308	1	1	1	2	4	6	2	1	3	0.804194	-0.03678	1	4.2E+12
tab_bar	309	1	1	1	2	3	3	2	1	3	0.707679	0.04764	1	4.2E+12
tab_bar	310	1	1	1	2	3	7	2	1	3	0.703454	0.06364	1	4.2E+12
tab_bar	311	1	1	1	2	3	7	2	1	5	0.722526	0.06364	1	4.2E+12
tab_bar	312	1	1	1	1	3	4	1	2	3	0.589963	0.03782	1	4.2E+12
tab_bar	313	1	1	1	1	3	6	1	2	3	0.541494	0.04018	1	4.2E+12
tab_bar	314	1	1	1	1	5	5	1	2	3	0.455112	0.01514	1	4.2E+12
tab_bar	315	1	1	1	1	5	7	1	2	3	0.466255	0.01319	1	4.2E+12
tab_bar	316	1	1	1	1	5	8	1	2	5	0.480276	0.02286	1	4.2E+12
tab_bar	317	1	1	1	1	3	5	1	2	5	0.549914	0.04797	1	4.2E+12
tab_bar	318	1	1	1	1	3	7	1	2	5	0.573281	0.03883	1	4.2E+12
tab_bar	319	1	1	1	1	7	3	1	4	1	0.312101	-0.03673	1	4.2E+12
tab_bar	320	1	1	1	1	7	4	1	3	1	0.40805	-0.02597	1	4.2E+12
tab_bar	321	1	1	1	1	4	3	1	3	1	0.394308	-0.07177	1	4.2E+12
tab_bar	322	1	1	1	1	6	3	1	3	1	0.392638	-0.00366	1	4.2E+12
tab_bar	323	1	1	1	1	5	3	1	3	1	0.370711	-0.00476	1	4.2E+12
tab_bar	324	1	1	1	1	7	3	1	3	1	0.423019	-0.03673	1	4.2E+12
tab_bar	325	1	1	1	2	5	5	2	8	2	0.551332	0.04072	1	4.2E+12
tab_bar	326	1	1	1	2	7	5	2	4	2	0.561263	0.01528	1	4.2E+12
tab_bar	327	1	1	1	2	3	3	2	4	2	0.59579	0.04764	1	4.2E+12
tab_bar	328	1	1	1	2	7	3	2	4	2	0.620608	-0.00988	1	4.2E+12
tab_bar	329	1	1	1	2	5	5	2	4	2	0.584595	0.04072	1	4.2E+12
tab_bar	330	1	1	1	1	4	3	1	3	2	0.683485	-0.07177	1	4.2E+12
tab_bar	331	1	1	1	1	6	3	1	3	2	0.664847	-0.00366	1	4.2E+12
tab_bar	332	1	1	1	1	5	5	1	3	2	0.597834	0.01514	1	4.2E+12
tab_bar	333	1	1	1	1	7	5	1	3	2	0.644363	-0.00984	1	4.2E+12
tab_bar	334	1	1	1	1	8	5	1	5	2	0.580784	-0.00974	1	4.2E+12
tab_bar	335	1	1	1	1	5	3	1	5	2	0.672732	-0.00476	1	4.2E+12
tab_bar	336	1	1	1	1	7	3	1	5	2	0.657273	-0.03673	1	4.2E+12
tab_bar	337	1	1	1	2	6	4	2	3	1	0.369678	0.02445	1	4.2E+12
tab_bar	338	1	1	1	2	3	3	2	3	1	0.387601	0.04764	1	4.2E+12
tab_bar	339	1	1	1	2	7	3	2	3	1	0.421667	-0.00988	1	4.2E+12
tab_bar	340	1	1	1	2	7	3	2	5	1	0.378354	-0.00988	1	4.2E+12

